image_1.tiff 3 0.9 86 214 158 269
image_1.tiff 1 0.85 476 189 511 286
image_1.tiff 2 0.83 315 237 367 312
image_1.tiff 1 0.81 589 192 629 312
image_1.tiff 1 0.77 310 183 356 301
image_1.tiff 1 0.74 218 200 249 277
image_1.tiff 1 0.74 557 194 587 280
image_1.tiff 3 0.67 20 209 89 258
image_1.tiff 1 0.63 514 198 552 304
image_1.tiff 1 0.55 615 189 638 302
image_1.tiff 2 0.34 222 238 239 286
image_1.tiff 1 0.31 541 194 562 280
image_1.tiff 1 0.29 507 199 531 288
image_1.tiff 2 0.21 223 246 237 286
image_10.tiff 1 0.84 570 198 599 281
image_10.tiff 3 0.83 251 220 292 254
image_10.tiff 3 0.82 307 229 338 252
image_10.tiff 1 0.81 502 205 526 270
image_10.tiff 3 0.78 156 230 192 254
image_10.tiff 1 0.77 595 200 621 272
image_10.tiff 3 0.61 165 221 199 250
image_10.tiff 3 0.49 298 220 331 250
image_10.tiff 2 0.39 504 229 523 271
image_10.tiff 1 0.21 0 211 14 280
image_2.tiff 3 0.95 0 219 185 393
image_2.tiff 1 0.8 288 221 308 277
image_2.tiff 1 0.8 467 209 500 298
image_2.tiff 1 0.79 242 218 265 278
image_2.tiff 1 0.75 219 220 234 265
image_2.tiff 1 0.71 275 221 291 275
image_2.tiff 1 0.7 318 222 335 275
image_2.tiff 1 0.65 492 197 520 296
image_2.tiff 1 0.58 208 220 220 257
image_2.tiff 1 0.58 189 220 203 256
image_2.tiff 2 0.3 445 244 469 292
image_2.tiff 1 0.29 392 223 418 297
image_2.tiff 3 0.26 263 218 360 258
image_2.tiff 1 0.26 178 222 189 255
image_2.tiff 3 0.24 260 185 480 256
image_2.tiff 2 0.23 380 240 434 293
image_3.tiff 1 0.77 362 219 387 288
image_3.tiff 1 0.76 88 212 112 282
image_3.tiff 1 0.67 147 210 175 281
image_3.tiff 1 0.66 177 229 204 282
image_3.tiff 1 0.64 384 216 406 287
image_3.tiff 1 0.52 216 230 238 282
image_3.tiff 1 0.51 107 216 126 283
image_3.tiff 1 0.49 249 231 274 282
image_3.tiff 1 0.47 11 223 26 263
image_3.tiff 1 0.45 125 222 139 272
image_3.tiff 1 0.43 332 218 350 280
image_3.tiff 1 0.41 201 229 222 282
image_4.tiff 3 0.93 262 218 355 298
image_4.tiff 3 0.82 123 236 162 267
image_4.tiff 1 0.81 519 215 539 274
image_4.tiff 1 0.8 538 216 558 273
image_4.tiff 2 0.79 58 246 86 280
image_4.tiff 3 0.78 189 224 240 265
image_4.tiff 1 0.72 58 215 85 271
image_4.tiff 1 0.58 168 232 184 266
image_4.tiff 3 0.27 238 233 260 257
image_4.tiff 1 0.24 2 236 11 266
image_5.tiff 1 0.69 69 194 85 246
image_5.tiff 1 0.66 409 202 421 241
image_5.tiff 3 0.61 441 196 589 253
image_5.tiff 3 0.55 574 209 639 257
image_5.tiff 2 0.54 290 213 306 245
image_5.tiff 1 0.53 39 196 57 248
image_5.tiff 1 0.47 209 200 222 240
image_5.tiff 2 0.36 344 212 395 246
image_5.tiff 1 0.35 367 194 383 245
image_5.tiff 2 0.23 375 213 394 246
image_5.tiff 2 0.23 344 214 363 244
image_5.tiff 1 0.22 367 193 394 245
image_6.tiff 3 0.81 76 221 191 306
image_6.tiff 3 0.74 325 238 373 281
image_6.tiff 1 0.67 559 223 583 289
image_6.tiff 3 0.57 184 234 228 279
image_6.tiff 1 0.54 523 222 544 289
image_6.tiff 1 0.36 505 224 524 287
image_6.tiff 1 0.3 460 225 489 283
image_6.tiff 3 0.24 300 238 320 259
image_7.tiff 1 0.91 284 167 412 358
image_7.tiff 1 0.87 233 163 291 368
image_7.tiff 3 0.86 518 201 626 257
image_7.tiff 3 0.8 368 205 492 257
image_7.tiff 1 0.74 171 208 190 258
image_7.tiff 1 0.74 0 191 45 314
image_7.tiff 1 0.66 115 209 139 255
image_7.tiff 1 0.56 137 208 154 253
image_7.tiff 1 0.41 19 194 57 313
image_7.tiff 3 0.33 441 181 563 228
image_7.tiff 1 0.21 86 199 103 255
image_8.tiff 3 0.95 274 214 568 398
image_8.tiff 3 0.91 531 193 639 385
image_8.tiff 1 0.9 0 211 47 331
image_8.tiff 1 0.86 140 224 201 327
image_8.tiff 1 0.63 122 266 153 329
image_8.tiff 1 0.57 240 223 257 259
image_8.tiff 1 0.56 439 212 452 228
image_8.tiff 3 0.46 186 217 240 258
image_8.tiff 3 0.29 272 223 286 232
image_8.tiff 3 0.28 236 221 260 246
image_8.tiff 3 0.2 340 128 639 241
image_8.tiff 2 0.2 27 240 82 270
image_9.tiff 3 0.8 180 235 211 269
image_9.tiff 3 0.78 203 198 346 323
image_9.tiff 1 0.77 516 220 532 266
image_9.tiff 1 0.74 495 228 505 261
image_9.tiff 1 0.72 67 217 109 302
image_9.tiff 1 0.65 434 221 447 263
image_9.tiff 1 0.64 455 223 468 263
image_9.tiff 1 0.49 46 228 58 265
image_9.tiff 2 0.46 65 254 108 314
image_9.tiff 1 0.4 17 230 34 278
image_9.tiff 1 0.36 447 226 459 262
image_9.tiff 1 0.33 0 225 12 277
image_9.tiff 1 0.28 541 219 561 243
